        ##FORMES## // Z - profondeur facultative


##LIGNE         : X1 , Y1 , X2 , Y2 , T , R , G , B (, Z )
##RECTANGLE     : X , Y , L , H , T , R , G , B (, Z )
##CARRE         : X , Y , C , T , R , G , B (, Z )
##POINT		: X , Y , T , R , G , B (, Z )
##CERCLE        : R , X , Y , T , R , G , B (, Z )

		##KIRBY
##mains
CERCLES: 60, 320,460, 100, 255, 149, 165, 1
CERCLES: 60, 680,460, 100, 255, 149, 165, 1
CERCLES: 30, 275,445, 100, 255, 149, 165, 1
CERCLES: 30, 725,445, 100, 255, 149, 165, 1

CERCLES: 19, 270,460, 100, 255, 149, 165, 1
CERCLES: 19, 730,460, 100, 255, 149, 165, 1

CERCLES: 19, 280,470, 100, 255, 149, 165, 1
CERCLES: 19, 720,470, 100, 255, 149, 165, 1

CERCLES: 19, 285,425, 100, 255, 149, 165, 1
CERCLES: 19, 715,425, 100, 255, 149, 165, 1

CERCLES: 19, 275,430, 100, 255, 149, 165, 1
CERCLES: 19, 725,430, 100, 255, 149, 165, 1
#pieds
CERCLES: 70, 380, 320, 100,255,5,43,1
CERCLES: 70, 620, 320, 100,255,5,43,1

## tete
CERCLES : 200, 500, 500,100,  255, 149, 165, 1
CERCLE : 200, 500, 500,100,  230, 109, 127, 1
## yeux
CERCLE : 35, 425, 550, 100, 0, 0, 0, 1
CERCLE : 36, 575, 550, 100, 0, 0, 0, 1
CERCLE : 35, 425, 540, 100, 0, 0, 0, 1
CERCLE : 36, 575, 540, 100, 0, 0, 0, 1

CERCLES : 35, 425, 550, 100, 75, 47, 255, 1
CERCLES : 35, 575, 550, 100, 75, 47, 255, 1

CERCLES : 35, 425, 540, 100, 75, 47, 255, 1
CERCLES : 35, 575, 540, 100, 75, 47, 255, 1

CERCLES : 25, 425, 560, 100, 0, 0, 0, 1
CERCLES : 25, 575, 560, 100, 0, 0, 0, 1

CERCLES : 25, 425, 550, 100, 0, 0, 0, 1
CERCLES : 25, 575, 550, 100, 0, 0, 0, 1

CERCLES : 20, 425, 560, 100, 255, 255, 255, 1
CERCLES : 20, 575, 560, 100, 255, 255, 255, 1

//ARC: 90,180,50, 500,500, 100, 255,0,0,1

##bouche
CERCLES : 20, 480, 440, 100, 104, 40, 48,1
CERCLES : 20, 510, 440, 100, 104, 40, 48,1
CERCLES : 10, 475, 428, 100, 104, 40, 48,1
CERCLES : 10, 515, 428, 100, 104, 40, 48,1

CERCLES : 20, 495, 440, 100, 104, 40, 48,1
CERCLES : 25, 495, 430, 100, 104, 40, 48,1

##langue
CERCLES : 15, 490, 433, 100, 255, 42, 94,1
CERCLES : 15, 500, 433, 100, 255, 42, 94,1
CERCLES : 19, 495, 430, 100, 255, 42, 94,1

##joues
CERCLES : 20, 360, 480,100,248, 94, 117, 1
CERCLES : 15, 350, 480,100,248, 94, 117, 1
CERCLES : 15, 370, 480,100,248, 94, 117, 1

CERCLES : 20, 640, 480,100,248, 94, 117, 1
CERCLES : 15, 650, 480,100,248, 94, 117, 1
CERCLES : 15, 630, 480,100,248, 94, 117, 1



