RECTANGLES: 0,160,240,40,000025000,0%,0;
RECTANGLES: 0,0,240,160,006006028,0%,0;
LIGNE: 218,170,182,197,046023006,0%,1;
CERCLES: 199,39,10,253245230,0%,1;
CERCLES: 192,39,10,006006028,0%,2;
POINT: 20,20,253245230,0%,1;
POINT: 40,16,253245230,0%,1;
POINT: 50,18,253245230,0%,1;
POINT: 62,22,253245230,0%,1;
POINT: 88,18,253245230,0%,1;
POINT: 66,32,253245230,0%,1;
POINT: 86,30,253245230,0%,1;
POINT: 51,60,253245230,0%,1;
POINT: 20,92,253245230,0%,1;
POINT: 53,106,253245230,0%,1;
POINT: 132,23,253245230,0%,1;
POINT: 160,52,253245230,0%,1;
POINT: 102,62,253245230,0%,1;
POINT: 134,31,253245230,0%,1;
POINT: 199,90,253245230,0%,1;
POINT: 223,16,253245230,0%,1;
CARRES: 80,90,80,120115070,0%,1;
CERCLE: 96,162,8,046023006,0%,2;
CERCLES: 96,162,2,000000000,0%,2;
CERCLE: 96,162,3,046023006,0%,3;
LIGNE: 94,162,89,162,046023006,0%,2;
LIGNE: 98,162,103,162,046023006,0%,2;
LIGNE: 96,160,96,155,046023006,0%,2;
LIGNE: 96,164,96,169,046023006,0%,2;
RECTANGLE: 109,120,22,50,046023006,0%,3;
RECTANGLES: 109,120,22,50,070034010,0%,2;
CARRES: 115,128,10,200200150,0%,3;
CARRE: 114,127,12,046023006,0%,4;
RECTANGLES: 138,119,15,19,000000000,0%,3;
RECTANGLE: 137,118,17,21,046023006,0%,4;
LIGNE: 145,118,145,138,046023006,0%,4;
LIGNE: 137,128,153,128,046023006,0%,4;
RECTANGLES: 87,119,15,19,200200150,0%,3;
RECTANGLE: 86,118,17,21,046023006,0%,4;
LIGNE: 94,118,94,138,046023006,0%,4;
LIGNE: 86,128,102,128,046023006,0%,4;
RECTANGLES: 70,79,100,20,097017017,0%,2;
RECTANGLES: 81,59,12,20,097017017,0%,2;
CERCLES: 84,44,6,127127127,50%,5;
CERCLES: 74,18,10,127127127,65%,5;
