##  LIGNE     : X, Y, X2, Y2,                    R, V, B, TRANSPARENCE, Z;
##  TRIANGLE  : X, Y, X1, Y1, X2, Y2,            R, V, B, TRANSPARENCE, Z;
##  RECTANGLE : X, Y, LONGUEUR, LARGEUR, ANGLED, R, V, B, TRANSPARENCE, Z;
##  CARRE     : X, Y, COTE, ANGLED,              R, V, B, TRANSPARENCE, Z;
##  POINT     : X, Y,                            R, V, B, TRANSPARENCE, Z;
##  CERCLE    : X, Y, RAYON, 		                 R, V, B, TRANSPARENCE, Z;


##FOND
RECTANGLES : 10, 490, 1490, 222, 0, 0, 0, 0, 100, 0;

##PACMAN
CERCLES : 120, 600, 80, 240, 234, 40, 100, 1;
TRIANGLES : 90, 600, 200, 650, 200, 550, 0, 0, 0, 100, 2;

##CARRES BLANCS
CARRES : 290, 590, 20, 0, 255, 255, 255, 100, 1;
CARRES : 390, 590, 20, 0, 255, 255, 255, 100, 1;
CARRES : 490, 590, 20, 0, 255, 255, 255, 100, 1;
CARRES : 590, 590, 20, 0, 255, 255, 255, 100, 1;
CARRES : 690, 590, 20, 0, 255, 255, 255, 100, 1;

####FANTOMES ROSE####
##CORPS
RECTANGLES : 800, 550, 130, 130, 0, 247, 174, 191, 100, 1;
RECTANGLES : 830, 520, 75, 30, 0, 247, 174, 191, 100, 1;
CERCLES : 831, 550, 30, 247, 174, 191, 100, 1;
CERCLES : 900, 550, 30, 247, 174, 191, 100, 1;
TRIANGLES : 800, 682, 833, 645, 865, 682, 0, 0, 0, 100, 2;
TRIANGLES : 865, 682, 897, 645, 930, 682, 0, 0, 0, 100, 2;
##YEUX
CERCLES : 830, 580, 20, 255, 255, 255, 100, 2;
CERCLES : 880, 580, 20, 255, 255, 255, 100, 2;
CERCLES : 820, 580, 10, 0, 18, 79, 193, 100, 3;
CERCLES : 870, 580, 10, 0, 18, 79, 193, 100, 3;

####FANTOMES BLEU####
##CORPS
RECTANGLES : 980, 550, 130, 130, 0, 0, 255, 255, 100, 1;
RECTANGLES : 1010, 520, 75, 30, 0, 0, 255, 255, 100, 1;
CERCLES : 1011, 550, 30, 0, 255, 255, 100, 1;
CERCLES : 1080, 550, 30, 0, 255, 255, 100, 1;
TRIANGLES : 980, 682, 1013, 645, 1045, 682, 0, 0, 0, 100, 2;
TRIANGLES : 1045, 682, 1077, 645, 1110, 682, 0, 0, 0, 100, 2;
##YEUX
CERCLES : 1010, 580, 20, 255, 255, 255, 100, 2;
CERCLES : 1060, 580, 20, 255, 255, 255, 100, 2;
CERCLES : 1000, 580, 10, 0, 18, 79, 193, 100, 3;
CERCLES : 1050, 580, 10, 0, 18, 79, 193, 100, 3;

####FANTOMES ORANGE####
##CORPS
RECTANGLES : 1160, 550, 130, 130, 0, 255, 164, 63, 100, 1;
RECTANGLES : 1190, 520, 75, 30, 0, 255, 164, 63, 100, 1;
CERCLES : 1191, 550, 30, 255, 164, 63, 100, 1;
CERCLES : 1260, 550, 30, 255, 164, 63, 100, 1;
TRIANGLES : 1160, 682, 1193, 645, 1225, 682, 0, 0, 0, 100, 2;
TRIANGLES : 1225, 682, 1257, 645, 1290, 682, 0, 0, 0, 100, 2;
##YEUX
CERCLES : 1190, 580, 20, 255, 255, 255, 100, 2;
CERCLES : 1240, 580, 20, 255, 255, 255, 100, 2;
CERCLES : 1180, 580, 10, 0, 18, 79, 193, 100, 3;
CERCLES : 1230, 580, 10, 0, 18, 79, 193, 100, 3;

####FANTOMES ROUGE####
##CORPS
RECTANGLES : 1340, 550, 130, 130, 0, 255, 0, 0, 100, 1;
RECTANGLES : 1370, 520, 75, 30, 0, 255, 0, 0, 100, 1;
CERCLES : 1371, 550, 30, 255, 0, 0, 100, 1;
CERCLES : 1440, 550, 30, 255, 0, 0, 100, 1;
TRIANGLES : 1340, 682, 1373, 645, 1405, 682, 0, 0, 0, 100, 2;
TRIANGLES : 1405, 682, 1437, 645, 1470, 682, 0, 0, 0, 100, 2;
##YEUX
CERCLES : 1370, 580, 20, 255, 255, 255, 100, 2;
CERCLES : 1420, 580, 20, 255, 255, 255, 100, 2;
CERCLES : 1360, 580, 10, 0, 18, 79, 193, 100, 3;
CERCLES : 1410, 580, 10, 0, 18, 79, 193, 100, 3;
